50 0 0 0 0 0 50
0.99803 0.062791 0 0
-0.062791 0.99803 0 0
0 0 1 0
0 0 0 1
0.99211 0.12533 0 0
-0.12533 0.99211 0 0
0 0 1 0
0 0 0 1
0.98229 0.18738 0 0
-0.18738 0.98229 0 0
0 0 1 0
0 0 0 1
0.96858 0.24869 0 0
-0.24869 0.96858 0 0
0 0 1 0
0 0 0 1
0.95106 0.30902 0 0
-0.30902 0.95106 0 0
0 0 1 0
0 0 0 1
0.92978 0.36812 0 0
-0.36812 0.92978 0 0
0 0 1 0
0 0 0 1
0.90483 0.42578 0 0
-0.42578 0.90483 0 0
0 0 1 0
0 0 0 1
0.87631 0.48175 0 0
-0.48175 0.87631 0 0
0 0 1 0
0 0 0 1
0.84433 0.53583 0 0
-0.53583 0.84433 0 0
0 0 1 0
0 0 0 1
0.80902 0.58779 0 0
-0.58779 0.80902 0 0
0 0 1 0
0 0 0 1
0.77051 0.63742 0 0
-0.63742 0.77051 0 0
0 0 1 0
0 0 0 1
0.72897 0.68455 0 0
-0.68455 0.72897 0 0
0 0 1 0
0 0 0 1
0.68455 0.72897 0 0
-0.72897 0.68455 0 0
0 0 1 0
0 0 0 1
0.63742 0.77051 0 0
-0.77051 0.63742 0 0
0 0 1 0
0 0 0 1
0.58779 0.80902 0 0
-0.80902 0.58779 0 0
0 0 1 0
0 0 0 1
0.53583 0.84433 0 0
-0.84433 0.53583 0 0
0 0 1 0
0 0 0 1
0.48175 0.87631 0 0
-0.87631 0.48175 0 0
0 0 1 0
0 0 0 1
0.42578 0.90483 0 0
-0.90483 0.42578 0 0
0 0 1 0
0 0 0 1
0.36812 0.92978 0 0
-0.92978 0.36812 0 0
0 0 1 0
0 0 0 1
0.30902 0.95106 0 0
-0.95106 0.30902 0 0
0 0 1 0
0 0 0 1
0.24869 0.96858 0 0
-0.96858 0.24869 0 0
0 0 1 0
0 0 0 1
0.18738 0.98229 0 0
-0.98229 0.18738 0 0
0 0 1 0
0 0 0 1
0.12533 0.99211 0 0
-0.99211 0.12533 0 0
0 0 1 0
0 0 0 1
0.062791 0.99803 0 0
-0.99803 0.062791 0 0
0 0 1 0
0 0 0 1
6.1232e-17 1 0 0
-1 6.1232e-17 0 0
0 0 1 0
0 0 0 1
-0.062791 0.99803 0 0
-0.99803 -0.062791 0 0
0 0 1 0
0 0 0 1
-0.12533 0.99211 0 0
-0.99211 -0.12533 0 0
0 0 1 0
0 0 0 1
-0.18738 0.98229 0 0
-0.98229 -0.18738 0 0
0 0 1 0
0 0 0 1
-0.24869 0.96858 0 0
-0.96858 -0.24869 0 0
0 0 1 0
0 0 0 1
-0.30902 0.95106 0 0
-0.95106 -0.30902 0 0
0 0 1 0
0 0 0 1
-0.36812 0.92978 0 0
-0.92978 -0.36812 0 0
0 0 1 0
0 0 0 1
-0.42578 0.90483 0 0
-0.90483 -0.42578 0 0
0 0 1 0
0 0 0 1
-0.48175 0.87631 0 0
-0.87631 -0.48175 0 0
0 0 1 0
0 0 0 1
-0.53583 0.84433 0 0
-0.84433 -0.53583 0 0
0 0 1 0
0 0 0 1
-0.58779 0.80902 0 0
-0.80902 -0.58779 0 0
0 0 1 0
0 0 0 1
-0.63742 0.77051 0 0
-0.77051 -0.63742 0 0
0 0 1 0
0 0 0 1
-0.68455 0.72897 0 0
-0.72897 -0.68455 0 0
0 0 1 0
0 0 0 1
-0.72897 0.68455 0 0
-0.68455 -0.72897 0 0
0 0 1 0
0 0 0 1
-0.77051 0.63742 0 0
-0.63742 -0.77051 0 0
0 0 1 0
0 0 0 1
-0.80902 0.58779 0 0
-0.58779 -0.80902 0 0
0 0 1 0
0 0 0 1
-0.84433 0.53583 0 0
-0.53583 -0.84433 0 0
0 0 1 0
0 0 0 1
-0.87631 0.48175 0 0
-0.48175 -0.87631 0 0
0 0 1 0
0 0 0 1
-0.90483 0.42578 0 0
-0.42578 -0.90483 0 0
0 0 1 0
0 0 0 1
-0.92978 0.36812 0 0
-0.36812 -0.92978 0 0
0 0 1 0
0 0 0 1
-0.95106 0.30902 0 0
-0.30902 -0.95106 0 0
0 0 1 0
0 0 0 1
-0.96858 0.24869 0 0
-0.24869 -0.96858 0 0
0 0 1 0
0 0 0 1
-0.98229 0.18738 0 0
-0.18738 -0.98229 0 0
0 0 1 0
0 0 0 1
-0.99211 0.12533 0 0
-0.12533 -0.99211 0 0
0 0 1 0
0 0 0 1
-0.99803 0.062791 0 0
-0.062791 -0.99803 0 0
0 0 1 0
0 0 0 1
-1 1.2246e-16 0 0
-1.2246e-16 -1 0 0
0 0 1 0
0 0 0 1