50 0 0 0 0 50 0
1 0 0 0
0 1 0 0
0 0 1 0
0 0 0 1
1 0 0 0
0 0.99795 -0.06407 0
0 0.06407 0.99795 0
0 0 0 1
1 0 0 0
0 0.99179 -0.12788 0
0 0.12788 0.99179 0
0 0 0 1
1 0 0 0
0 0.98156 -0.19116 0
0 0.19116 0.98156 0
0 0 0 1
1 0 0 0
0 0.96729 -0.25365 0
0 0.25365 0.96729 0
0 0 0 1
1 0 0 0
0 0.94906 -0.31511 0
0 0.31511 0.94906 0
0 0 0 1
1 0 0 0
0 0.92692 -0.37527 0
0 0.37527 0.92692 0
0 0 0 1
1 0 0 0
0 0.90097 -0.43388 0
0 0.43388 0.90097 0
0 0 0 1
1 0 0 0
0 0.87132 -0.49072 0
0 0.49072 0.87132 0
0 0 0 1
1 0 0 0
0 0.83809 -0.54553 0
0 0.54553 0.83809 0
0 0 0 1
1 0 0 0
0 0.80141 -0.59811 0
0 0.59811 0.80141 0
0 0 0 1
1 0 0 0
0 0.76145 -0.64823 0
0 0.64823 0.76145 0
0 0 0 1
1 0 0 0
0 0.71835 -0.69568 0
0 0.69568 0.71835 0
0 0 0 1
1 0 0 0
0 0.6723 -0.74028 0
0 0.74028 0.6723 0
0 0 0 1
1 0 0 0
0 0.62349 -0.78183 0
0 0.78183 0.62349 0
0 0 0 1
1 0 0 0
0 0.57212 -0.82017 0
0 0.82017 0.57212 0
0 0 0 1
1 0 0 0
0 0.51839 -0.85514 0
0 0.85514 0.51839 0
0 0 0 1
1 0 0 0
0 0.46254 -0.8866 0
0 0.8866 0.46254 0
0 0 0 1
1 0 0 0
0 0.40478 -0.91441 0
0 0.91441 0.40478 0
0 0 0 1
1 0 0 0
0 0.34537 -0.93847 0
0 0.93847 0.34537 0
0 0 0 1
1 0 0 0
0 0.28453 -0.95867 0
0 0.95867 0.28453 0
0 0 0 1
1 0 0 0
0 0.22252 -0.97493 0
0 0.97493 0.22252 0
0 0 0 1
1 0 0 0
0 0.1596 -0.98718 0
0 0.98718 0.1596 0
0 0 0 1
1 0 0 0
0 0.096023 -0.99538 0
0 0.99538 0.096023 0
0 0 0 1
1 0 0 0
0 0.032052 -0.99949 0
0 0.99949 0.032052 0
0 0 0 1
1 0 0 0
0 -0.032052 -0.99949 0
0 0.99949 -0.032052 0
0 0 0 1
1 0 0 0
0 -0.096023 -0.99538 0
0 0.99538 -0.096023 0
0 0 0 1
1 0 0 0
0 -0.1596 -0.98718 0
0 0.98718 -0.1596 0
0 0 0 1
1 0 0 0
0 -0.22252 -0.97493 0
0 0.97493 -0.22252 0
0 0 0 1
1 0 0 0
0 -0.28453 -0.95867 0
0 0.95867 -0.28453 0
0 0 0 1
1 0 0 0
0 -0.34537 -0.93847 0
0 0.93847 -0.34537 0
0 0 0 1
1 0 0 0
0 -0.40478 -0.91441 0
0 0.91441 -0.40478 0
0 0 0 1
1 0 0 0
0 -0.46254 -0.8866 0
0 0.8866 -0.46254 0
0 0 0 1
1 0 0 0
0 -0.51839 -0.85514 0
0 0.85514 -0.51839 0
0 0 0 1
1 0 0 0
0 -0.57212 -0.82017 0
0 0.82017 -0.57212 0
0 0 0 1
1 0 0 0
0 -0.62349 -0.78183 0
0 0.78183 -0.62349 0
0 0 0 1
1 0 0 0
0 -0.6723 -0.74028 0
0 0.74028 -0.6723 0
0 0 0 1
1 0 0 0
0 -0.71835 -0.69568 0
0 0.69568 -0.71835 0
0 0 0 1
1 0 0 0
0 -0.76145 -0.64823 0
0 0.64823 -0.76145 0
0 0 0 1
1 0 0 0
0 -0.80141 -0.59811 0
0 0.59811 -0.80141 0
0 0 0 1
1 0 0 0
0 -0.83809 -0.54553 0
0 0.54553 -0.83809 0
0 0 0 1
1 0 0 0
0 -0.87132 -0.49072 0
0 0.49072 -0.87132 0
0 0 0 1
1 0 0 0
0 -0.90097 -0.43388 0
0 0.43388 -0.90097 0
0 0 0 1
1 0 0 0
0 -0.92692 -0.37527 0
0 0.37527 -0.92692 0
0 0 0 1
1 0 0 0
0 -0.94906 -0.31511 0
0 0.31511 -0.94906 0
0 0 0 1
1 0 0 0
0 -0.96729 -0.25365 0
0 0.25365 -0.96729 0
0 0 0 1
1 0 0 0
0 -0.98156 -0.19116 0
0 0.19116 -0.98156 0
0 0 0 1
1 0 0 0
0 -0.99179 -0.12788 0
0 0.12788 -0.99179 0
0 0 0 1
1 0 0 0
0 -0.99795 -0.06407 0
0 0.06407 -0.99795 0
0 0 0 1
1 0 0 0
0 -1 -1.2246e-016 0
0 1.2246e-016 -1 0
0 0 0 1